datum,zeny_od,muzi_od,muzi_do,zeny_do,zeny_cnt,muzi_cnt,check_cnt,gender_ratio,snemovna
1992-06-06,20.0,180.0,0.0,0.0,20.0,180.0,200.0,10.0,1992
1993-11-10,0.0,0.0,0.0,1.0,19.0,180.0,199.0,9.547738693467336,1992
1993-11-11,0.0,1.0,0.0,0.0,19.0,181.0,200.0,9.5,1992
1995-05-24,0.0,0.0,1.0,0.0,19.0,180.0,199.0,9.547738693467336,1992
1995-05-25,0.0,1.0,0.0,0.0,19.0,181.0,200.0,9.5,1992
1996-04-30,0.0,1.0,1.0,0.0,19.0,181.0,200.0,9.5,1992
1996-05-07,1.0,0.0,1.0,0.0,20.0,180.0,200.0,10.0,1992
1996-06-06,,,,,20.0,180.0,200.0,10.0,1992
1996-06-07,0.0,0.0,180.0,20.0,0.0,0.0,0.0,,1992
1996-06-01,30.0,170.0,0.0,0.0,30.0,170.0,200.0,15.0,1996
1996-11-02,0.0,1.0,1.0,0.0,30.0,170.0,200.0,15.0,1996
1996-12-18,0.0,2.0,1.0,1.0,29.0,171.0,200.0,14.5,1996
1997-01-17,0.0,1.0,1.0,0.0,29.0,171.0,200.0,14.5,1996
1997-06-03,0.0,1.0,1.0,0.0,29.0,171.0,200.0,14.5,1996
1997-06-12,0.0,1.0,1.0,0.0,29.0,171.0,200.0,14.5,1996
1997-08-28,0.0,1.0,1.0,0.0,29.0,171.0,200.0,14.5,1996
1997-08-30,0.0,1.0,1.0,0.0,29.0,171.0,200.0,14.5,1996
1997-11-12,0.0,1.0,1.0,0.0,29.0,171.0,200.0,14.5,1996
1997-12-02,1.0,0.0,1.0,0.0,30.0,170.0,200.0,15.0,1996
1997-12-03,0.0,1.0,1.0,0.0,30.0,170.0,200.0,15.0,1996
1998-01-27,0.0,1.0,1.0,0.0,30.0,170.0,200.0,15.0,1996
1998-02-13,0.0,1.0,1.0,0.0,30.0,170.0,200.0,15.0,1996
1998-02-26,0.0,1.0,1.0,0.0,30.0,170.0,200.0,15.0,1996
1998-06-19,,,,,30.0,170.0,200.0,15.0,1996
1998-06-20,0.0,0.0,170.0,30.0,0.0,0.0,0.0,,1996
1998-06-20,30.0,170.0,0.0,0.0,30.0,170.0,200.0,15.0,1998
1999-11-22,0.0,1.0,0.0,0.0,30.0,171.0,201.0,14.925373134328359,1998
1999-11-23,0.0,0.0,1.0,0.0,30.0,170.0,200.0,15.0,1998
2000-09-14,1.0,0.0,0.0,0.0,31.0,170.0,201.0,15.422885572139304,1998
2000-09-15,0.0,0.0,1.0,0.0,31.0,169.0,200.0,15.5,1998
2001-03-01,1.0,1.0,2.0,0.0,32.0,168.0,200.0,16.0,1998
2001-07-31,0.0,1.0,0.0,0.0,32.0,169.0,201.0,15.92039800995025,1998
2001-08-01,0.0,0.0,1.0,0.0,32.0,168.0,200.0,16.0,1998
2001-10-31,0.0,1.0,0.0,0.0,32.0,169.0,201.0,15.92039800995025,1998
2001-11-01,0.0,0.0,1.0,0.0,32.0,168.0,200.0,16.0,1998
2002-06-20,,,,,32.0,168.0,200.0,16.0,1998
2002-06-21,0.0,0.0,168.0,32.0,0.0,0.0,0.0,,1998
2002-06-15,34.0,166.0,0.0,0.0,34.0,166.0,200.0,17.0,2002
2002-09-18,0.0,1.0,1.0,0.0,34.0,166.0,200.0,17.0,2002
2003-03-07,0.0,1.0,1.0,0.0,34.0,166.0,200.0,17.0,2002
2003-04-23,0.0,1.0,1.0,0.0,34.0,166.0,200.0,17.0,2002
2003-06-02,0.0,1.0,1.0,0.0,34.0,166.0,200.0,17.0,2002
2003-06-06,0.0,1.0,1.0,0.0,34.0,166.0,200.0,17.0,2002
2003-07-26,0.0,1.0,1.0,0.0,34.0,166.0,200.0,17.0,2002
2003-09-23,0.0,1.0,0.0,1.0,33.0,167.0,200.0,16.5,2002
2004-05-05,0.0,1.0,1.0,0.0,33.0,167.0,200.0,16.5,2002
2004-07-08,0.0,1.0,1.0,0.0,33.0,167.0,200.0,16.5,2002
2004-07-20,0.0,9.0,9.0,0.0,33.0,167.0,200.0,16.5,2002
2004-08-31,0.0,1.0,1.0,0.0,33.0,167.0,200.0,16.5,2002
2004-09-21,1.0,1.0,1.0,1.0,33.0,167.0,200.0,16.5,2002
2004-09-22,0.0,1.0,1.0,0.0,33.0,167.0,200.0,16.5,2002
2004-09-24,0.0,2.0,1.0,1.0,32.0,168.0,200.0,16.0,2002
2004-09-30,0.0,1.0,1.0,0.0,32.0,168.0,200.0,16.0,2002
2004-10-07,0.0,1.0,1.0,0.0,32.0,168.0,200.0,16.0,2002
2005-06-09,0.0,1.0,0.0,1.0,31.0,169.0,200.0,15.5,2002
2005-07-24,1.0,0.0,1.0,0.0,32.0,168.0,200.0,16.0,2002
2005-12-02,0.0,1.0,1.0,0.0,32.0,168.0,200.0,16.0,2002
2005-12-09,0.0,2.0,1.0,1.0,31.0,169.0,200.0,15.5,2002
2006-01-17,0.0,1.0,1.0,0.0,31.0,169.0,200.0,15.5,2002
2006-01-20,1.0,0.0,1.0,0.0,32.0,168.0,200.0,16.0,2002
2006-01-24,0.0,1.0,1.0,0.0,32.0,168.0,200.0,16.0,2002
2006-02-28,0.0,1.0,1.0,0.0,32.0,168.0,200.0,16.0,2002
2006-04-18,2.0,0.0,1.0,1.0,33.0,167.0,200.0,16.5,2002
2006-06-14,,,,,33.0,167.0,200.0,16.5,2002
2006-06-15,0.0,0.0,167.0,33.0,0.0,0.0,0.0,,2002
2006-06-03,31.0,169.0,0.0,0.0,31.0,169.0,200.0,15.5,2006
2007-01-16,0.0,1.0,1.0,0.0,31.0,169.0,200.0,15.5,2006
2008-09-17,0.0,1.0,1.0,0.0,31.0,169.0,200.0,15.5,2006
2008-10-25,1.0,3.0,3.0,1.0,31.0,169.0,200.0,15.5,2006
2008-11-13,1.0,0.0,1.0,0.0,32.0,168.0,200.0,16.0,2006
2008-12-11,1.0,0.0,1.0,0.0,33.0,167.0,200.0,16.5,2006
2009-03-01,2.0,1.0,3.0,0.0,35.0,165.0,200.0,17.5,2006
2009-04-30,0.0,1.0,1.0,0.0,35.0,165.0,200.0,17.5,2006
2009-07-03,0.0,1.0,0.0,1.0,34.0,166.0,200.0,17.0,2006
2009-07-09,0.0,1.0,1.0,0.0,34.0,166.0,200.0,17.0,2006
2009-07-13,1.0,0.0,1.0,0.0,35.0,165.0,200.0,17.5,2006
2009-09-15,1.0,2.0,3.0,0.0,36.0,164.0,200.0,18.0,2006
2009-09-29,0.0,1.0,1.0,0.0,36.0,164.0,200.0,18.0,2006
2009-12-11,0.0,1.0,1.0,0.0,36.0,164.0,200.0,18.0,2006
2010-03-01,0.0,1.0,1.0,0.0,36.0,164.0,200.0,18.0,2006
2010-04-30,2.0,0.0,2.0,0.0,38.0,162.0,200.0,19.0,2006
2010-05-26,0.0,1.0,0.0,1.0,37.0,163.0,200.0,18.5,2006
2010-06-02,,,,,37.0,163.0,200.0,18.5,2006
2010-06-03,0.0,0.0,163.0,37.0,0.0,0.0,0.0,,2006
2010-05-29,44.0,156.0,0.0,0.0,44.0,156.0,200.0,22.0,2010
2010-10-23,1.0,0.0,1.0,0.0,45.0,155.0,200.0,22.5,2010
2010-11-30,0.0,1.0,0.0,1.0,44.0,156.0,200.0,22.0,2010
2011-03-01,0.0,1.0,1.0,0.0,44.0,156.0,200.0,22.0,2010
2011-03-25,0.0,1.0,1.0,0.0,44.0,156.0,200.0,22.0,2010
2011-03-26,0.0,1.0,1.0,0.0,44.0,156.0,200.0,22.0,2010
2012-02-07,0.0,1.0,1.0,0.0,44.0,156.0,200.0,22.0,2010
2012-10-20,0.0,4.0,3.0,1.0,43.0,157.0,200.0,21.5,2010
2012-11-07,0.0,3.0,3.0,0.0,43.0,157.0,200.0,21.5,2010
2013-01-31,0.0,1.0,1.0,0.0,43.0,157.0,200.0,21.5,2010
2013-04-05,1.0,0.0,1.0,0.0,44.0,156.0,200.0,22.0,2010
2013-04-11,0.0,1.0,0.0,1.0,43.0,157.0,200.0,21.5,2010
2013-04-24,0.0,1.0,1.0,0.0,43.0,157.0,200.0,21.5,2010
2013-06-14,0.0,1.0,1.0,0.0,43.0,157.0,200.0,21.5,2010
2013-08-27,,,,,43.0,157.0,200.0,21.5,2010
2013-08-28,0.0,0.0,157.0,43.0,0.0,0.0,0.0,,2010
2013-10-26,39.0,161.0,0.0,0.0,39.0,161.0,200.0,19.5,2013
2013-11-27,0.0,1.0,1.0,0.0,39.0,161.0,200.0,19.5,2013
2013-12-03,0.0,1.0,1.0,0.0,39.0,161.0,200.0,19.5,2013
2014-03-31,1.0,0.0,1.0,0.0,40.0,160.0,200.0,20.0,2013
2014-04-30,0.0,1.0,1.0,0.0,40.0,160.0,200.0,20.0,2013
2014-06-20,0.0,1.0,1.0,0.0,40.0,160.0,200.0,20.0,2013
2014-07-01,0.0,2.0,1.0,1.0,39.0,161.0,200.0,19.5,2013
2014-08-28,0.0,1.0,1.0,0.0,39.0,161.0,200.0,19.5,2013
2014-10-21,1.0,0.0,0.0,1.0,39.0,161.0,200.0,19.5,2013
2014-12-08,1.0,0.0,1.0,0.0,40.0,160.0,200.0,20.0,2013
2016-01-14,1.0,0.0,1.0,0.0,41.0,159.0,200.0,20.5,2013
2017-01-03,0.0,1.0,0.0,1.0,40.0,160.0,200.0,20.0,2013
2017-03-14,0.0,1.0,1.0,0.0,40.0,160.0,200.0,20.0,2013
2017-06-09,0.0,1.0,1.0,0.0,40.0,160.0,200.0,20.0,2013
2017-07-01,1.0,0.0,1.0,0.0,41.0,159.0,200.0,20.5,2013
2017-10-25,,,,,41.0,159.0,200.0,20.5,2013
2017-10-26,0.0,0.0,159.0,41.0,0.0,0.0,0.0,,2013
2017-10-21,44.0,156.0,0.0,0.0,44.0,156.0,200.0,22.0,2017
2017-11-24,1.0,2.0,2.0,1.0,44.0,156.0,200.0,22.0,2017
2018-03-31,0.0,1.0,1.0,0.0,44.0,156.0,200.0,22.0,2017
2018-06-19,1.0,0.0,1.0,0.0,45.0,155.0,200.0,22.5,2017
2018-10-01,0.0,1.0,1.0,0.0,45.0,155.0,200.0,22.5,2017
2018-12-04,1.0,0.0,1.0,0.0,46.0,154.0,200.0,23.0,2017
2019-04-14,0.0,1.0,1.0,0.0,46.0,154.0,200.0,23.0,2017
2019-04-15,1.0,0.0,1.0,0.0,47.0,153.0,200.0,23.5,2017
2019-06-06,0.0,1.0,1.0,0.0,47.0,153.0,200.0,23.5,2017
2019-07-02,0.0,2.0,0.0,2.0,45.0,155.0,200.0,22.5,2017
2020-07-31,1.0,0.0,1.0,0.0,46.0,154.0,200.0,23.0,2017
2020-10-10,0.0,1.0,0.0,1.0,45.0,155.0,200.0,22.5,2017
2020-12-31,1.0,0.0,1.0,0.0,46.0,154.0,200.0,23.0,2017
2021-01-19,0.0,1.0,1.0,0.0,46.0,154.0,200.0,23.0,2017
2021-01-26,0.0,1.0,1.0,0.0,46.0,154.0,200.0,23.0,2017
2021-03-01,0.0,1.0,0.0,1.0,45.0,155.0,200.0,22.5,2017
2021-03-09,0.0,1.0,1.0,0.0,45.0,155.0,200.0,22.5,2017
,0.0,0.0,155.0,45.0,45.0,155.0,200.0,,2017
